315
360
321
330
330
312
321
320
330
327
330
314

---

322
359
328
334
335
320
325
324
328
344
335
325
324
324
330
336
339
322

---

337
337
342
352
357
349
335
335
342
355
353
337
338
341
343
353
354
331

---

342
345
355
161
373
337
349
347
346
357
383
349
339
350
347
365
378
340

---

349
347
346
343
351
342
486
351
578
365
365
368
384
381
385
343
348
343

---

345
353
348
349
347
343
349
350
357
371
372
370
400
392
394
345
348
346
358

---

350
350
348
401
351
346
359
358
364
399
371
376
424
421
418
349
352
357

---

355
356
361
355
360
358
368
373
368
412
453
387
422
418
430
428
407
356
348

---

362
361
373
363
373
368
383
373
374
391
412
389
424
434
436
356
367
366

---

373
376
374
380
374
367
388
389
386
406
414
407
437
448
467
380
369
379

---

401
420
400
388
416
398
411
412
419
420
453
447
462
519
495
390
407
408

---

407
399
395
413
402
401
416
429
419
435
467
442
475
480
483
408
403
400

---

405
423
425
414
422
410
430
431
434
449
458
446
496
496
519
405
404
417